8 0.8328125 0.815625 0.18203125 0.16015625
8 0.83828125 0.66796875 0.1921875 0.19453125
8 0.975 0.653125 0.0421875 0.1703125
8 0.97421875 0.8078125 0.04765625 0.16015625
8 0.54921875 0.65078125 0.05 0.1921875
8 0.54765625 0.80703125 0.05234375 0.146875
8 0.3390625 0.6359375 0.065625 0.184375
8 0.3390625 0.7921875 0.065625 0.14921875
8 0.16328125 0.64140625 0.0703125 0.1890625
8 0.15234375 0.79296875 0.0359375 0.15703125
8 0.1421875 0.14375 0.05625 0.165625
8 0.1359375 0.31328125 0.06796875 0.2109375
8 0.36015625 0.15625 0.071875 0.17890625
8 0.35390625 0.3109375 0.0640625 0.184375
8 0.571875 0.1546875 0.05234375 0.17578125
8 0.578125 0.3359375 0.06796875 0.2078125
8 0.77265625 0.1546875 0.05 0.17578125
8 0.7703125 0.31484375 0.04765625 0.18125
8 0.9796875 0.15078125 0.0359375 0.1625
8 0.978125 0.3171875 0.03984375 0.18671875
14 0.87890625 0.66796875 0.18203125 0.2265625
14 0.6421875 0.6703125 0.20390625 0.20546875
14 0.63984375 0.8078125 0.20390625 0.16015625
14 0.41484375 0.79296875 0.178125 0.15703125
14 0.43203125 0.63984375 0.184375 0.19765625
14 0.23828125 0.6203125 0.17578125 0.2109375
14 0.2359375 0.79609375 0.171875 0.14140625
14 0.234375 0.3203125 0.20390625 0.2078125
14 0.22421875 0.146875 0.19609375 0.21328125
14 0.44609375 0.14296875 0.2 0.2
14 0.453125 0.35625 0.221875 0.2640625
14 0.653125 0.171875 0.19375 0.2375
14 0.69921875 0.36640625 0.2703125 0.2375
14 0.86875 0.14921875 0.18984375 0.2078125
14 0.88671875 0.35859375 0.221875 0.253125
14 0.05625 0.15234375 0.11171875 0.20234375
14 0.115625 0.346875 0.22421875 0.25078125