10 0.66875 0.684375 0.6578125 0.625
8 0.88984375 0.83203125 0.215625 0.33046875
8 0.159375 0.82421875 0.25390625 0.3453125
14 0.21328125 0.6625 0.30625 0.66953125
14 0.265625 0.5484375 0.18828125 0.44140625
14 0.32890625 0.48828125 0.1140625 0.36328125
14 0.41015625 0.41875 0.128125 0.29765625
14 0.44921875 0.38125 0.078125 0.15625
14 0.30234375 0.24609375 0.084375 0.2640625
14 0.56484375 0.3171875 0.11015625 0.13515625
14 0.70234375 0.28359375 0.06796875 0.05078125
14 0.7828125 0.28671875 0.06171875 0.06875
14 0.9421875 0.3484375 0.06796875 0.1203125
14 0.7640625 0.6859375 0.328125 0.615625
14 0.778125 0.44765625 0.2203125 0.28203125
14 0.7078125 0.40859375 0.1078125 0.25234375
14 0.684375 0.3765625 0.05625 0.159375