6 0.48125 0.5984375 0.665625 0.65859375
6 0.76484375 0.446875 0.465625 0.42421875
6 0.1609375 0.25234375 0.09375 0.1203125
6 0.29921875 0.24140625 0.1140625 0.0828125
6 0.440625 0.23984375 0.12578125 0.08515625
6 0.559375 0.23828125 0.12578125 0.06640625
6 0.65 0.23046875 0.071875 0.0453125
6 0.61796875 0.2015625 0.06796875 0.0296875
6 0.025 0.2546875 0.05 0.125
14 0.115625 0.2453125 0.0640625 0.18671875
14 0.9296875 0.215625 0.03203125 0.090625
14 0.8953125 0.2109375 0.03828125 0.1015625
14 0.72734375 0.1984375 0.034375 0.06171875
14 0.5859375 0.2078125 0.03984375 0.12265625
14 0.22890625 0.225 0.03828125 0.13046875
14 0.3546875 0.21171875 0.02578125 0.109375
14 0.40390625 0.1984375 0.028125 0.05078125
14 0.31328125 0.18515625 0.01796875 0.034375
14 0.334375 0.2 0.0203125 0.0640625