15 0.0890625 0.490625 0.0578125 0.14453125
15 0.14609375 0.4953125 0.05234375 0.14453125
15 0.2078125 0.4953125 0.0640625 0.14453125
15 0.18828125 0.2765625 0.0796875 0.30234375
15 0.265625 0.3765625 0.04765625 0.08359375
15 0.26796875 0.490625 0.06015625 0.14453125
15 0.32578125 0.490625 0.05625 0.14453125
15 0.384375 0.446875 0.06015625 0.09296875
15 0.43671875 0.446875 0.05390625 0.11171875
15 0.490625 0.43984375 0.0578125 0.11640625
15 0.54375 0.3953125 0.05625 0.1578125
15 0.60625 0.371875 0.0640625 0.2140625
15 0.66015625 0.353125 0.0640625 0.1671875
15 0.715625 0.3140625 0.06796875 0.171875
15 0.76015625 0.28359375 0.05234375 0.1765625
15 0.80390625 0.24921875 0.04765625 0.1625
15 0.84375 0.190625 0.04375 0.2140625
15 0.690625 0.5625 0.04609375 0.06484375
15 0.725 0.64921875 0.05 0.13515625
15 0.64765625 0.56015625 0.06015625 0.12578125
15 0.60078125 0.59765625 0.0578125 0.12578125
15 0.559375 0.5 0.0703125 0.10703125
15 0.4796875 0.56015625 0.06796875 0.171875
15 0.3890625 0.55078125 0.10625 0.2
15 0.29609375 0.61875 0.08828125 0.13046875
15 0.19296875 0.64453125 0.11015625 0.190625
15 0.6796875 0.6578125 0.05625 0.12578125
15 0.675 0.7765625 0.06171875 0.1671875
15 0.61328125 0.8046875 0.06171875 0.14921875
15 0.56171875 0.73515625 0.05234375 0.1765625
15 0.490625 0.746875 0.078125 0.209375
15 0.41171875 0.6765625 0.04375 0.06015625
15 0.365625 0.6765625 0.04375 0.07890625
15 0.43828125 0.75546875 0.0359375 0.11640625
15 0.38828125 0.7859375 0.07578125 0.1671875
15 0.31875 0.77421875 0.06171875 0.190625
15 0.2171875 0.846875 0.1578125 0.27890625