16 0.57890625 0.85703125 0.0859375 0.146875
16 0.4671875 0.82109375 0.05 0.13515625
16 0.3640625 0.82109375 0.06015625 0.09921875
16 0.32109375 0.7625 0.04609375 0.071875
16 0.03515625 0.79140625 0.0578125 0.05703125
16 0.7328125 0.72109375 0.05 0.0421875
16 0.30078125 0.74765625 0.034375 0.0296875
16 0.22890625 0.7375 0.034375 0.0390625
16 0.096875 0.75859375 0.04609375 0.0453125
16 0.04375 0.7625 0.03203125 0.0421875
16 0.66171875 0.6953125 0.028125 0.0328125
16 0.784375 0.690625 0.028125 0.0359375
16 0.84296875 0.70234375 0.034375 0.0421875
16 0.9078125 0.6953125 0.03203125 0.0328125
16 0.95625 0.6875 0.028125 0.0421875