16 0.08125 0.596875 0.16171875 0.11796875
16 0.528125 0.59921875 0.115625 0.10234375
16 0.41328125 0.63828125 0.11015625 0.1796875
16 0.296875 0.54609375 0.0703125 0.05234375
16 0.21796875 0.51875 0.02421875 0.034375
16 0.1359375 0.52734375 0.05234375 0.0421875
16 0.06328125 0.53515625 0.03828125 0.021875
16 0.03125 0.52265625 0.034375 0.034375
16 0.07265625 0.52265625 0.0296875 0.02578125
16 0.415625 0.52109375 0.02421875 0.021875
16 0.34609375 0.5390625 0.0359375 0.0421875
16 0.44609375 0.52265625 0.028125 0.0140625
16 0.52265625 0.53984375 0.0296875 0.028125
16 0.5546875 0.53984375 0.034375 0.0203125
16 0.73515625 0.53828125 0.0296875 0.02421875
16 0.68671875 0.53203125 0.02578125 0.0203125
16 0.6640625 0.534375 0.0359375 0.02421875
16 0.6328125 0.53203125 0.021875 0.028125
16 0.60703125 0.53125 0.0296875 0.0296875