14 0.8140625 0.165625 0.05625 0.18671875
14 0.73984375 0.1296875 0.03984375 0.22109375
14 0.70234375 0.12109375 0.03984375 0.20546875
14 0.584375 0.09296875 0.06015625 0.18125
14 0.51796875 0.07578125 0.0421875 0.1515625
14 0.303125 0.3296875 0.1421875 0.2796875
14 0.48984375 0.33984375 0.09609375 0.2375
14 0.12421875 0.75625 0.14375 0.2375
14 0.1796875 0.909375 0.13984375 0.17578125
12 0.515625 0.515625 0.31171875 0.4984375
12 0.321875 0.45859375 0.20390625 0.45859375
12 0.21484375 0.815625 0.4296875 0.3625
12 0.34609375 0.89765625 0.21171875 0.2