6 0.87265625 0.65625 0.16171875 0.14453125
6 0.63125 0.6328125 0.07421875 0.09609375
6 0.575 0.64921875 0.0421875 0.05703125
6 0.47265625 0.64921875 0.0421875 0.0515625
6 0.253125 0.675 0.078125 0.078125
6 0.321875 0.64765625 0.0359375 0.0484375
6 0.06796875 0.65234375 0.05234375 0.0515625
6 0.12734375 0.65546875 0.03828125 0.0390625
6 0.17734375 0.63984375 0.05390625 0.06328125
13 0.38984375 0.7421875 0.115625 0.25
14 0.396875 0.665625 0.10234375 0.27109375
6 0.51015625 0.64296875 0.03203125 0.0453125
6 0.5359375 0.63828125 0.02421875 0.0359375