14 0.171875 0.36171875 0.1640625 0.34921875
14 0.26015625 0.40546875 0.1796875 0.325
14 0.346875 0.3796875 0.0859375 0.31171875
14 0.403125 0.68515625 0.1859375 0.52265625
14 0.28203125 0.6890625 0.171875 0.55234375
14 0.61796875 0.775 0.315625 0.4453125
14 0.5390625 0.5828125 0.10625 0.24296875
14 0.778125 0.60703125 0.16015625 0.728125
14 0.6546875 0.54296875 0.12578125 0.6265625
14 0.54609375 0.4296875 0.1359375 0.31484375
14 0.4546875 0.3828125 0.15 0.3171875
14 0.54765625 0.25859375 0.1203125 0.10703125
14 0.69921875 0.26796875 0.0859375 0.0984375