4 0.55078125 0.09921875 0.01796875 0.0484375
4 0.575 0.09765625 0.01796875 0.0453125
4 0.67578125 0.109375 0.0359375 0.159375
4 0.64609375 0.10390625 0.03203125 0.1234375
4 0.6171875 0.09140625 0.02578125 0.09296875
4 0.5921875 0.10234375 0.02421875 0.09609375
4 0.5640625 0.115625 0.03203125 0.10546875
4 0.5359375 0.13671875 0.02421875 0.13515625
4 0.51171875 0.13984375 0.03203125 0.13515625
4 0.978125 0.62578125 0.03984375 0.12890625
4 0.95 0.65625 0.0359375 0.2015625
4 0.9140625 0.653125 0.03984375 0.20703125
4 0.87265625 0.6546875 0.03828125 0.1984375
4 0.8453125 0.63203125 0.034375 0.1828125
14 0.59609375 0.56640625 0.80390625 0.86171875