14 0.92265625 0.80390625 0.15 0.38671875
14 0.54609375 0.6625 0.30390625 0.63203125
14 0.40625 0.55234375 0.23203125 0.3734375
14 0.10390625 0.4375 0.2078125 0.21875
10 0.3453125 0.75625 0.68984375 0.4828125
8 0.7296875 0.78515625 0.14375 0.42421875
8 0.25078125 0.4828125 0.09375 0.06953125
15 0.48828125 0.34765625 0.1 0.15234375
15 0.47109375 0.18671875 0.09765625 0.14921875
15 0.38125 0.20390625 0.065625 0.16796875
15 0.3421875 0.10546875 0.09609375 0.1625
15 0.3390625 0.4078125 0.0703125 0.16015625