6 0.58984375 0.8890625 0.09609375 0.07734375
6 0.7671875 0.85390625 0.05390625 0.05078125
6 0.88515625 0.86328125 0.08203125 0.05859375
6 0.953125 0.8625 0.07421875 0.05625
6 0.85703125 0.8234375 0.0421875 0.053125
6 0.66328125 0.8625 0.0578125 0.071875
6 0.5921875 0.8265625 0.0359375 0.04296875
6 0.4671875 0.88671875 0.0703125 0.0671875
6 0.375 0.84609375 0.05390625 0.06171875
6 0.23515625 0.84921875 0.08203125 0.0453125
6 0.1953125 0.80859375 0.05 0.0453125
14 0.33515625 0.90546875 0.0703125 0.184375
14 0.19765625 0.925 0.05234375 0.14453125
14 0.25 0.9265625 0.05234375 0.14140625
14 0.2828125 0.91953125 0.05390625 0.15546875