4 0.30625 0.43671875 0.07578125 0.29140625
4 0.25234375 0.503125 0.0359375 0.159375
8 0.86796875 0.721875 0.26015625 0.51328125
8 0.765625 0.59453125 0.1796875 0.44453125
8 0.77421875 0.37265625 0.07578125 0.21640625
14 0.26875 0.20234375 0.0578125 0.23125
14 0.328125 0.1890625 0.06796875 0.25234375
14 0.44375 0.153125 0.08828125 0.20390625
14 0.52890625 0.1625 0.08984375 0.1921875
14 0.75234375 0.2609375 0.07578125 0.14453125
14 0.68125 0.56328125 0.23828125 0.59765625
14 0.54921875 0.3875 0.134375 0.2703125
14 0.240625 0.60625 0.35390625 0.78046875
14 0.48125 0.3859375 0.0859375 0.28515625
14 0.434375 0.375 0.084375 0.29453125