15 0.103125 0.15234375 0.20625 0.30390625
14 0.88515625 0.31328125 0.22578125 0.365625
14 0.75703125 0.7296875 0.48203125 0.5359375
14 0.23671875 0.6953125 0.4734375 0.603125
14 0.03671875 0.3609375 0.0734375 0.178125
14 0.21328125 0.26796875 0.19765625 0.30703125
14 0.4203125 0.24921875 0.16796875 0.215625
14 0.5890625 0.25625 0.24609375 0.2984375
8 0.7171875 0.32421875 0.0296875 0.10390625
8 0.35 0.32109375 0.0203125 0.071875
8 0.10234375 0.36953125 0.06015625 0.146875
8 0.99375 0.41484375 0.0078125 0.109375
10 0.50625 0.67734375 0.984375 0.63984375