13 0.24375 0.65 0.24375 0.6453125
14 0.2453125 0.43984375 0.221875 0.79609375
14 0.5 0.56640625 0.0796875 0.309375
14 0.7578125 0.66328125 0.184375 0.221875
14 0.94609375 0.5734375 0.06796875 0.3421875
14 0.6359375 0.5859375 0.03984375 0.234375
14 0.79296875 0.58125 0.05390625 0.21953125
14 0.846875 0.51484375 0.065625 0.09296875
14 0.0703125 0.56171875 0.0796875 0.2703125
13 0.8578125 0.64453125 0.07578125 0.21953125
13 0.4890625 0.64453125 0.1421875 0.159375
13 0.38125 0.6609375 0.08203125 0.08984375
14 0.02109375 0.63671875 0.0421875 0.14453125