4 0.0828125 0.59765625 0.07421875 0.26171875
4 0.2203125 0.546875 0.06796875 0.2984375
4 0.296875 0.52265625 0.0703125 0.25078125
4 0.36796875 0.51328125 0.05625 0.215625
4 0.428125 0.50234375 0.0640625 0.20546875
4 0.4921875 0.5265625 0.04765625 0.22109375
4 0.5453125 0.54765625 0.05 0.28515625
4 0.60234375 0.5546875 0.05625 0.28828125
4 0.66015625 0.56171875 0.06015625 0.290625
4 0.721875 0.5625 0.05234375 0.28828125
4 0.784375 0.5734375 0.06796875 0.2828125
4 0.4859375 0.8171875 0.13984375 0.3546875
4 0.60390625 0.846875 0.13203125 0.3015625
14 0.13125 0.3 0.21796875 0.41875
14 0.31328125 0.18671875 0.09375 0.26171875
14 0.6609375 0.31171875 0.1703125 0.28828125
14 0.434375 0.390625 0.1796875 0.275
14 0.6703125 0.42109375 0.15625 0.23984375
14 0.79765625 0.3203125 0.1078125 0.2828125
14 0.71875 0.29296875 0.1140625 0.26640625
14 0.43828125 0.2796875 0.228125 0.33046875
14 0.92578125 0.3 0.115625 0.2109375
14 0.86171875 0.2921875 0.06796875 0.16796875
14 0.96796875 0.30703125 0.06015625 0.1703125
14 0.296875 0.2828125 0.1140625 0.18671875
14 0.03515625 0.19765625 0.0703125 0.39453125