4 0.35 0.47890625 0.03203125 0.16796875
4 0.60234375 0.88125 0.05625 0.23203125
19 0.91171875 0.4078125 0.171875 0.28828125
14 0.76875 0.60390625 0.4578125 0.78671875
14 0.2671875 0.671875 0.4140625 0.65078125
4 0.75078125 0.0375 0.01796875 0.075
4 0.7703125 0.0375 0.015625 0.075
4 0.7859375 0.03828125 0.015625 0.0765625
4 0.8 0.0375 0.015625 0.075
4 0.81796875 0.0375 0.015625 0.075
4 0.83515625 0.0375 0.01796875 0.075
4 0.85 0.0375 0.015625 0.075
4 0.86484375 0.0375 0.0140625 0.075
4 0.9296875 0.03984375 0.0203125 0.0796875
4 0.9140625 0.03828125 0.021875 0.0765625
4 0.88203125 0.0375 0.015625 0.075
4 0.89375 0.0359375 0.02421875 0.071875
17 0.29296875 0.69765625 0.5859375 0.6