10 0.63984375 0.78125 0.18828125 0.2078125
8 0.54296875 0.7625 0.05390625 0.2296875
8 0.584375 0.76796875 0.06015625 0.21875
8 0.715625 0.6828125 0.028125 0.0265625
4 0.68515625 0.653125 0.05 0.0375
4 0.68203125 0.72109375 0.05234375 0.05078125
4 0.68203125 0.784375 0.05625 0.053125
4 0.67578125 0.8453125 0.06015625 0.053125
4 0.74609375 0.828125 0.0640625 0.14140625
4 0.75078125 0.946875 0.0703125 0.1015625
4 0.67421875 0.95703125 0.05234375 0.0796875
17 0.20078125 0.7625 0.15390625 0.22421875
8 0.140625 0.66171875 0.10234375 0.090625