6 0.55234375 0.6125 0.55234375 0.4328125
6 0.28984375 0.40390625 0.1203125 0.1109375
14 0.17578125 0.5484375 0.1203125 0.5671875
6 0.46796875 0.28671875 0.08828125 0.0390625
6 0.534375 0.28515625 0.0921875 0.0421875
6 0.62734375 0.29140625 0.09375 0.05390625
6 0.67890625 0.29140625 0.0703125 0.05390625
6 0.725 0.29296875 0.08984375 0.05078125
6 0.81484375 0.29453125 0.1140625 0.078125
6 0.85390625 0.2984375 0.0921875 0.06328125
6 0.92734375 0.3 0.1140625 0.084375
6 0.97109375 0.3046875 0.05390625 0.08125