15 0.50703125 0.1984375 0.10234375 0.071875
15 0.359375 0.26640625 0.09375 0.06953125
15 0.4640625 0.35234375 0.0921875 0.090625
15 0.30703125 0.35703125 0.11796875 0.1703125
15 0.375 0.43359375 0.10234375 0.17890625
15 0.49375 0.5375 0.1796875 0.3171875
15 0.64375 0.428125 0.184375 0.3921875
15 0.815625 0.6203125 0.215625 0.43984375
15 0.11875 0.6265625 0.165625 0.35234375
15 0.025 0.75703125 0.05 0.3203125
15 0.0671875 0.39296875 0.134375 0.16796875
15 0.06328125 0.48125 0.12578125 0.146875
15 0.15 0.33046875 0.04375 0.13359375
15 0.1171875 0.3625 0.05 0.10703125
15 0.08671875 0.3015625 0.04609375 0.10703125
15 0.0859375 0.15625 0.071875 0.1625
15 0.0296875 0.14921875 0.05625 0.1546875
15 0.95703125 0.6375 0.08203125 0.33046875
15 0.946875 0.29453125 0.08203125 0.17890625
15 0.94765625 0.45234375 0.1 0.15234375