4 0.796875 0.7 0.06171875 0.21015625
14 0.94609375 0.459375 0.10390625 0.51015625
14 0.6703125 0.58828125 0.40390625 0.8171875
14 0.46484375 0.5046875 0.9296875 0.98515625
14 0.10390625 0.28046875 0.2078125 0.36328125
14 0.8890625 0.353125 0.05 0.16484375
14 0.73203125 0.48515625 0.0921875 0.2734375
14 0.7671875 0.35 0.07421875 0.10546875
14 0.20078125 0.32890625 0.06171875 0.1234375
14 0.5109375 0.375 0.04609375 0.1203125
14 0.55 0.43984375 0.04375 0.05703125
14 0.47421875 0.40546875 0.128125 0.17421875