4 0.48515625 0.740625 0.12265625 0.19765625
4 0.26953125 0.67421875 0.165625 0.215625
4 0.30703125 0.6109375 0.13359375 0.20234375
4 0.41875 0.65703125 0.10703125 0.2140625
4 0.5296875 0.625 0.1203125 0.23828125
4 0.56171875 0.48203125 0.146875 0.2796875
4 0.775 0.4140625 0.1203125 0.20390625
4 0.66796875 0.409375 0.10390625 0.2578125
4 0.590625 0.4546875 0.08828125 0.19375
4 0.4 0.5390625 0.12265625 0.15390625
4 0.31328125 0.48203125 0.0984375 0.15625
4 0.34140625 0.39375 0.10703125 0.15625
4 0.371875 0.35 0.07734375 0.115625
4 0.43203125 0.31328125 0.0796875 0.1296875
4 0.45234375 0.43203125 0.07734375 0.1078125
4 0.4375 0.5078125 0.1171875 0.2
4 0.5984375 0.35703125 0.06640625 0.14609375
4 0.61328125 0.27890625 0.0640625 0.134375
4 0.63984375 0.23125 0.075 0.121875
4 0.7109375 0.21796875 0.05078125 0.03984375
4 0.71328125 0.3078125 0.07734375 0.1359375
4 0.83984375 0.32578125 0.075 0.15625
4 0.8171875 0.37421875 0.071875 0.184375
4 0.771875 0.265625 0.05625 0.0921875
4 0.44375 0.2609375 0.0828125 0.11796875