13 0.40390625 0.72421875 0.11171875 0.2640625
13 0.29609375 0.69453125 0.12421875 0.184375
14 0.06796875 0.64296875 0.04375 0.165625
14 0.1203125 0.65234375 0.05625 0.20546875
14 0.17109375 0.6546875 0.05390625 0.2
14 0.1796875 0.6265625 0.0359375 0.19765625
14 0.20703125 0.6296875 0.0421875 0.23984375
14 0.2921875 0.6453125 0.115625 0.29296875
14 0.41171875 0.65703125 0.12421875 0.3703125
14 0.51796875 0.684375 0.05625 0.28515625
14 0.5921875 0.67890625 0.04375 0.2640625
14 0.62890625 0.67578125 0.04609375 0.26953125
11 0.66484375 0.77578125 0.09765625 0.1015625
14 0.684375 0.66953125 0.05234375 0.18671875
14 0.75234375 0.69453125 0.06015625 0.23203125
14 0.80625 0.7015625 0.03984375 0.234375
14 0.85703125 0.6703125 0.06171875 0.290625
14 0.7078125 0.6703125 0.04375 0.275
14 0.490625 0.59453125 0.034375 0.13359375