13 0.11171875 0.53359375 0.18828125 0.18125
13 0.7546875 0.54140625 0.08984375 0.234375
13 0.9578125 0.534375 0.0796875 0.22109375
13 0.4359375 0.54921875 0.06015625 0.17578125
6 0.98515625 0.65703125 0.02578125 0.3546875
13 0.621875 0.6546875 0.184375 0.24765625
6 0.390625 0.51171875 0.11015625 0.16015625
14 0.86328125 0.46796875 0.04609375 0.24765625
14 0.83125 0.5265625 0.09375 0.33828125
14 0.6578125 0.5796875 0.1078125 0.4296875
14 0.578125 0.42265625 0.06015625 0.11484375
14 0.50078125 0.50703125 0.08984375 0.309375
14 0.415625 0.50234375 0.05234375 0.253125
14 0.1578125 0.51328125 0.07578125 0.275