16 0.74296875 0.4578125 0.31015625 0.2359375
16 0.62265625 0.33203125 0.29765625 0.07578125
16 0.68984375 0.3171875 0.30390625 0.07421875
16 0.3 0.40390625 0.3078125 0.284375
16 0.06796875 0.31015625 0.1359375 0.1921875
16 0.3 0.2359375 0.18828125 0.04765625
16 0.52421875 0.24765625 0.12421875 0.06015625
16 0.53671875 0.23515625 0.2578125 0.07421875
16 0.4953125 0.4703125 0.23828125 0.24765625
16 0.92578125 0.2546875 0.115625 0.065625
16 0.1453125 0.3609375 0.26171875 0.21796875
16 0.95234375 0.32421875 0.0921875 0.16015625
16 0.97421875 0.2078125 0.04375 0.0640625
16 0.7859375 0.24375 0.1 0.071875
16 0.8078125 0.2609375 0.12421875 0.05390625
16 0.87890625 0.38828125 0.1140625 0.228125
16 0.67109375 0.25703125 0.13828125 0.078125
16 0.27109375 0.27734375 0.05 0.0578125
16 0.1796875 0.24921875 0.10390625 0.05