5 0.559375 0.3890625 0.0703125 0.121875
5 0.34765625 0.35625 0.35625 0.4796875
6 0.1203125 0.47109375 0.1 0.0859375
6 0.0546875 0.46875 0.109375 0.121875
14 0.38125 0.71484375 0.2859375 0.565625
14 0.48203125 0.634375 0.084375 0.36015625
14 0.525 0.44375 0.07421875 0.14375
14 0.590625 0.72109375 0.17421875 0.54609375
14 0.76484375 0.8140625 0.35390625 0.36796875
14 0.8828125 0.69921875 0.165625 0.59765625
14 0.81796875 0.3859375 0.07578125 0.0921875
14 0.74375 0.51796875 0.15625 0.24375
14 0.6640625 0.46875 0.084375 0.13828125