10 0.52890625 0.64375 0.83828125 0.70703125
8 0.89296875 0.66640625 0.17421875 0.47421875
8 0.77109375 0.4625 0.12578125 0.39296875
8 0.71875 0.36875 0.078125 0.284375
8 0.66171875 0.30703125 0.0640625 0.21484375
8 0.4609375 0.23125 0.12578125 0.1296875
8 0.2578125 0.3203125 0.05234375 0.20546875
8 0.22578125 0.38515625 0.08828125 0.28671875
8 0.1921875 0.48515625 0.115625 0.4078125
8 0.10625 0.70859375 0.15625 0.51640625
8 0.05078125 0.35859375 0.1015625 0.2359375
8 0.30703125 0.2296875 0.10625 0.18125