14 0.6890625 0.5734375 0.265625 0.7734375
14 0.246875 0.60390625 0.29375 0.71171875
14 0.740625 0.228125 0.03828125 0.16796875
14 0.81015625 0.228125 0.0359375 0.109375
14 0.82734375 0.24921875 0.034375 0.08828125
14 0.859375 0.2734375 0.04609375 0.109375
10 0.4453125 0.73046875 0.41015625 0.5015625
10 0.85 0.475 0.171875 0.16015625
10 0.9171875 0.38828125 0.16171875 0.10390625
10 0.78515625 0.334375 0.12578125 0.10390625
14 0.984375 0.2984375 0.028125 0.13359375
8 0.82421875 0.69765625 0.29609375 0.584375
8 0.153125 0.709375 0.30625 0.5703125
8 0.81484375 0.7796875 0.365625 0.434375
8 0.05 0.7828125 0.1 0.4296875