14 0.5953125 0.5734375 0.09765625 0.634375
14 0.55 0.61875 0.2359375 0.5703125
14 0.3578125 0.71171875 0.18828125 0.4796875
14 0.88125 0.49453125 0.20625 0.55703125
14 0.615625 0.21875 0.11171875 0.23984375
14 0.20625 0.24765625 0.1359375 0.234375
14 0.090625 0.6046875 0.18125 0.65625
14 0.22421875 0.6203125 0.17578125 0.65859375
14 0.409375 0.56796875 0.121875 0.4796875
14 0.328125 0.315625 0.16015625 0.36015625
14 0.48125 0.315625 0.16171875 0.2796875
14 0.68203125 0.37578125 0.128125 0.35703125
14 0.7859375 0.36796875 0.128125 0.42109375
14 0.69765625 0.74140625 0.17578125 0.3890625
14 0.87265625 0.725 0.19765625 0.44296875