12 0.66484375 0.71328125 0.42578125 0.459375
11 0.3640625 0.46796875 0.04765625 0.12421875
14 0.321875 0.50703125 0.1921875 0.55859375
14 0.90703125 0.23515625 0.0578125 0.26328125
14 0.8421875 0.2203125 0.03203125 0.2421875
14 0.8140625 0.190625 0.028125 0.1171875
14 0.6921875 0.23828125 0.04765625 0.25625
14 0.5578125 0.31171875 0.05625 0.25234375
14 0.5359375 0.26484375 0.03984375 0.28828125
14 0.4890625 0.28125 0.0296875 0.13515625
14 0.43671875 0.31640625 0.04609375 0.20625
14 0.37109375 0.31328125 0.05 0.18515625