8 0.1703125 0.72109375 0.33984375 0.54140625
8 0.4078125 0.4796875 0.1203125 0.1921875
8 0.71015625 0.44765625 0.1203125 0.1703125
8 0.63828125 0.75859375 0.284375 0.47734375
8 0.75234375 0.72265625 0.171875 0.53828125
8 0.81875 0.40546875 0.05390625 0.11171875
10 0.425 0.72109375 0.72578125 0.54140625
10 0.9109375 0.48671875 0.1703125 0.23203125
19 0.09296875 0.3203125 0.1859375 0.2828125
14 0.653125 0.33046875 0.11796875 0.3359375
15 0.0625 0.0890625 0.11875 0.178125
15 0.503125 0.5203125 0.15 0.1921875
4 0.25703125 0.653125 0.04609375 0.2078125