10 0.56015625 0.54765625 0.87578125 0.41875
10 0.47578125 0.771875 0.82421875 0.45078125
8 0.96796875 0.409375 0.06015625 0.15703125
8 0.81171875 0.36796875 0.10390625 0.1015625
8 0.45234375 0.3203125 0.08828125 0.06953125
8 0.10703125 0.48515625 0.121875 0.21328125
8 0.24765625 0.47734375 0.10390625 0.1921875
8 0.36796875 0.4640625 0.1 0.17578125
8 0.45 0.4625 0.07578125 0.25859375
8 0.503125 0.4734375 0.06171875 0.275
8 0.54375 0.49453125 0.07578125 0.29609375
8 0.63828125 0.55703125 0.15234375 0.3625
8 0.77109375 0.64140625 0.1578125 0.471875
8 0.91171875 0.72421875 0.171875 0.54140625
8 0.7890625 0.7625 0.221875 0.30390625
8 0.6046875 0.64921875 0.1296875 0.16796875