14 0.43203125 0.6171875 0.0796875 0.19140625
14 0.7 0.54375 0.03984375 0.15703125
14 0.890625 0.5203125 0.02578125 0.071875
14 0.86015625 0.52890625 0.028125 0.08515625
14 0.80703125 0.509375 0.0296875 0.03984375
9 0.2390625 0.6703125 0.2421875 0.159375
9 0.175 0.66484375 0.21796875 0.13828125
9 0.5921875 0.63203125 0.16015625 0.125
9 0.49609375 0.61953125 0.05625 0.07421875
9 0.7890625 0.56953125 0.065625 0.08515625
9 0.7421875 0.5640625 0.04375 0.08515625
9 0.83828125 0.54140625 0.028125 0.0609375