5 0.09921875 0.35625 0.19765625 0.36875
14 0.8640625 0.47890625 0.11171875 0.28125
14 0.64375 0.4984375 0.128125 0.3140625
14 0.48828125 0.48515625 0.1078125 0.23828125
14 0.359375 0.4484375 0.10625 0.19609375
14 0.2453125 0.4625 0.08984375 0.2359375
14 0.12578125 0.44375 0.1078125 0.2359375
13 0.8609375 0.5546875 0.1421875 0.20859375
13 0.63515625 0.55 0.13828125 0.2171875
13 0.4953125 0.55 0.121875 0.19921875
13 0.3640625 0.546875 0.1203125 0.18125
13 0.25390625 0.52890625 0.128125 0.19296875
13 0.13203125 0.51484375 0.13203125 0.20234375