2 0.925 0.425 0.05 0.06171875
2 0.665625 0.52109375 0.0796875 0.06640625
2 0.7453125 0.375 0.0421875 0.05078125
2 0.44296875 0.50390625 0.078125 0.0796875
2 0.34609375 0.55234375 0.071875 0.0640625
2 0.0859375 0.52109375 0.04375 0.071875
2 0.1578125 0.49453125 0.04375 0.05625
2 0.18515625 0.4921875 0.04609375 0.05625
2 0.1296875 0.671875 0.0640625 0.0375
2 0.18984375 0.6453125 0.03984375 0.053125
2 0.2640625 0.515625 0.06015625 0.05625
2 0.31484375 0.48125 0.03828125 0.06171875
2 0.296875 0.446875 0.065625 0.0453125
2 0.30390625 0.4 0.0640625 0.0640625
2 0.37734375 0.409375 0.07421875 0.034375
2 0.29375 0.62265625 0.0640625 0.0453125
2 0.228125 0.6078125 0.0640625 0.0375
2 0.24609375 0.63203125 0.05234375 0.0375
14 0.3609375 0.71875 0.08203125 0.290625
14 0.471875 0.73984375 0.09609375 0.23203125
14 0.49765625 0.634375 0.05234375 0.1015625
14 0.54375 0.74765625 0.1 0.215625
14 0.515625 0.715625 0.05625 0.09296875