19 0.49609375 0.4546875 0.16015625 0.17890625
8 0.87890625 0.77734375 0.23828125 0.3703125
8 0.8421875 0.91484375 0.31171875 0.165625
17 0.07578125 0.840625 0.1515625 0.3125
15 0.6578125 0.4375 0.11171875 0.53828125
15 0.2171875 0.62421875 0.07421875 0.165625
15 0.18125 0.653125 0.06171875 0.0640625
15 0.1703125 0.53828125 0.071875 0.1015625
15 0.30390625 0.50234375 0.0359375 0.14140625
15 0.2421875 0.51171875 0.071875 0.1171875
15 0.06484375 0.50546875 0.0296875 0.184375
8 0.77734375 0.5265625 0.12578125 0.24296875
19 0.7453125 0.4171875 0.09375 0.06640625
15 0.67734375 0.6078125 0.065625 0.1921875
4 0.89765625 0.56015625 0.015625 0.0640625
4 0.91171875 0.55703125 0.015625 0.053125
4 0.88515625 0.48515625 0.0140625 0.0640625
4 0.89921875 0.484375 0.0140625 0.06171875
4 0.884375 0.56171875 0.015625 0.05625
4 0.87734375 0.4203125 0.0140625 0.06171875
4 0.890625 0.415625 0.0140625 0.05859375
4 0.9046875 0.415625 0.0140625 0.053125
4 0.915625 0.415625 0.0078125 0.053125
4 0.909375 0.4828125 0.01015625 0.0640625