14 0.16171875 0.6 0.20390625 0.79453125
14 0.215625 0.66640625 0.17578125 0.65625
14 0.32109375 0.2921875 0.11015625 0.19453125
14 0.37109375 0.684375 0.21796875 0.6265625
14 0.41484375 0.36640625 0.10234375 0.2375
14 0.43671875 0.70234375 0.15 0.46640625
14 0.5328125 0.60546875 0.11015625 0.784375
14 0.5921875 0.65859375 0.1640625 0.671875
14 0.6578125 0.3296875 0.12421875 0.2640625
14 0.7640625 0.26796875 0.128125 0.275
14 0.67265625 0.74921875 0.15390625 0.49609375
14 0.765625 0.63046875 0.2 0.73359375
8 0.9578125 0.646875 0.07578125 0.26953125