4 0.50234375 0.5734375 0.028125 0.1578125
4 0.55234375 0.603125 0.028125 0.13828125
4 0.58828125 0.5578125 0.028125 0.15546875
4 0.60625 0.56796875 0.02421875 0.090625
4 0.53984375 0.6921875 0.03984375 0.2203125
4 0.41484375 0.6296875 0.021875 0.084375
4 0.4109375 0.69375 0.0296875 0.09921875
4 0.3671875 0.8390625 0.0421875 0.16953125
14 0.54609375 0.47890625 0.171875 0.21171875
14 0.346875 0.5296875 0.0859375 0.23984375
14 0.26484375 0.5765625 0.10234375 0.34453125
14 0.18828125 0.634375 0.10390625 0.353125
14 0.1078125 0.68203125 0.2078125 0.49453125
14 0.7328125 0.5125 0.10625 0.30234375
14 0.88203125 0.4265625 0.0796875 0.11875
14 0.79375 0.61875 0.23984375 0.496875
14 0.853125 0.7078125 0.28984375 0.528125
10 0.46875 0.790625 0.59765625 0.4125
4 0.6359375 0.80078125 0.03984375 0.17265625
15 0.51875 0.221875 0.121875 0.20078125