6 0.5921875 0.796875 0.81171875 0.39921875
14 0.07734375 0.72421875 0.0703125 0.1859375
14 0.02734375 0.678125 0.03828125 0.09921875
14 0.1203125 0.6640625 0.015625 0.06484375
16 0.03203125 0.78984375 0.04375 0.10546875
16 0.265625 0.60078125 0.0640625 0.09296875
16 0.34375 0.58984375 0.05234375 0.06484375
16 0.55703125 0.54921875 0.08984375 0.1390625
16 0.62734375 0.4953125 0.10234375 0.10546875
16 0.70234375 0.54921875 0.14375 0.25703125
16 0.884375 0.57421875 0.228125 0.28203125
6 0.28671875 0.7078125 0.321875 0.21328125