14 0.4828125 0.61484375 0.65 0.765625
14 0.909375 0.471875 0.078125 0.165625
14 0.80703125 0.4453125 0.09375 0.12265625
10 0.9 0.7890625 0.19609375 0.415625
10 0.75 0.52109375 0.115625 0.10390625
10 0.3609375 0.4703125 0.0859375 0.05625
10 0.3109375 0.615625 0.21015625 0.25078125
10 0.08125 0.9265625 0.16171875 0.14140625
10 0.053125 0.52265625 0.10234375 0.14921875
8 0.90625 0.81875 0.184375 0.35703125
8 0.18203125 0.60703125 0.171875 0.26953125
8 0.3 0.46640625 0.0640625 0.0640625
8 0.38125 0.6296875 0.165625 0.2828125
8 0.08203125 0.528125 0.0921875 0.1703125
8 0.14921875 0.49296875 0.078125 0.12265625
8 0.246875 0.50390625 0.11015625 0.06953125
8 0.41328125 0.47734375 0.09375 0.075
8 0.434375 0.515625 0.08828125 0.071875
8 0.85234375 0.54375 0.1078125 0.14375
8 0.03125 0.4546875 0.06171875 0.01328125