4 0.509375 0.725 0.03828125 0.1171875
14 0.128125 0.77578125 0.23984375 0.44296875
14 0.75625 0.74765625 0.22421875 0.4453125
14 0.61796875 0.63046875 0.171875 0.2796875
14 0.53671875 0.38828125 0.078125 0.109375
14 0.05703125 0.62109375 0.10625 0.37890625
14 0.23671875 0.59765625 0.15 0.3734375
14 0.33203125 0.5453125 0.16015625 0.37578125
14 0.42890625 0.3984375 0.04609375 0.109375
14 0.475 0.48515625 0.0859375 0.271875
14 0.640625 0.39453125 0.06171875 0.12265625
14 0.7078125 0.4171875 0.03203125 0.0984375
10 0.4953125 0.85234375 0.6859375 0.290625
10 0.60390625 0.51171875 0.2359375 0.13828125
8 0.88125 0.81171875 0.18984375 0.2796875
8 0.47421875 0.54140625 0.11171875 0.18125
8 0.68125 0.5296875 0.078125 0.13046875