4 0.4953125 0.4703125 0.0421875 0.2109375
4 0.54296875 0.52265625 0.05 0.22421875
4 0.603125 0.453125 0.04609375 0.20234375
4 0.5859375 0.33828125 0.03984375 0.14375
4 0.478125 0.90234375 0.07578125 0.1890625
4 0.521875 0.8703125 0.0640625 0.253125
14 0.17890625 0.63046875 0.3578125 0.73359375
14 0.246875 0.40234375 0.32578125 0.54375
14 0.39296875 0.3375 0.15390625 0.37578125
14 0.8890625 0.62421875 0.21796875 0.746875
14 0.86015625 0.45234375 0.27578125 0.525
14 0.72890625 0.375 0.134375 0.37578125
14 0.66484375 0.2359375 0.0859375 0.2640625
14 0.57578125 0.18515625 0.11171875 0.184375
14 0.05078125 0.33203125 0.1015625 0.3703125
10 0.57890625 0.625 0.58203125 0.74375