14 0.8859375 0.53359375 0.05234375 0.15234375
14 0.8453125 0.53203125 0.03828125 0.15
14 0.80703125 0.534375 0.0421875 0.1390625
14 0.75625 0.24609375 0.03984375 0.0640625
14 0.509375 0.28984375 0.034375 0.14140625
14 0.53125 0.2859375 0.0296875 0.14453125
14 0.37265625 0.28984375 0.02578125 0.13671875
14 0.35234375 0.25234375 0.02421875 0.0453125
14 0.28828125 0.2890625 0.0359375 0.13359375
14 0.25703125 0.29921875 0.0296875 0.128125
14 0.23125 0.29140625 0.05 0.128125
14 0.19296875 0.29296875 0.03828125 0.14140625
14 0.0796875 0.25234375 0.028125 0.0453125
14 0.03984375 0.23828125 0.0359375 0.075
14 0.6828125 0.25390625 0.021875 0.03203125
3 0.49921875 0.49609375 0.99765625 0.9921875