12 0.86015625 0.6203125 0.27578125 0.44609375
12 0.70234375 0.63515625 0.1359375 0.35546875
12 0.52109375 0.63984375 0.10234375 0.43046875
12 0.37734375 0.66875 0.10234375 0.2890625
12 0.115625 0.759375 0.22421875 0.31328125
12 0.1921875 0.66875 0.1 0.31953125
14 0.85078125 0.5015625 0.11015625 0.35234375
14 0.69375 0.51953125 0.11171875 0.2984375
14 0.5203125 0.53125 0.1203125 0.334375
14 0.37890625 0.5515625 0.11015625 0.30703125
14 0.19296875 0.575 0.09375 0.3015625
14 0.1109375 0.60390625 0.10234375 0.35234375