14 0.39765625 0.615625 0.7921875 0.7625
14 0.40078125 0.62109375 0.25 0.75234375
14 0.42265625 0.45234375 0.3296875 0.62109375
14 0.69765625 0.38515625 0.34375 0.42421875
14 0.7078125 0.584375 0.384375 0.8265625
14 0.953125 0.72421875 0.08984375 0.546875
4 0.15234375 0.65234375 0.05625 0.2796875
4 0.4578125 0.871875 0.04765625 0.18671875
4 0.81328125 0.30390625 0.04609375 0.16015625
4 0.321875 0.1640625 0.0640625 0.14140625
4 0.4828125 0.4203125 0.03828125 0.125
4 0.5609375 0.6734375 0.07421875 0.17890625
4 0.07265625 0.8625 0.078125 0.11484375