12 0.484375 0.728125 0.48828125 0.53125
14 0.4703125 0.43125 0.115625 0.51953125
14 0.14609375 0.3171875 0.12421875 0.52578125
14 0.0640625 0.16640625 0.103125 0.3328125
14 0.4171875 0.1109375 0.13828125 0.221875
14 0.559375 0.25078125 0.09765625 0.453125
14 0.6703125 0.3765625 0.14765625 0.33359375
14 0.6578125 0.24296875 0.10390625 0.2765625
14 0.715625 0.184375 0.0640625 0.17109375
14 0.778125 0.36484375 0.12421875 0.3515625
14 0.8390625 0.25390625 0.121875 0.32109375
14 0.9140625 0.25859375 0.12421875 0.29453125