13 0.80390625 0.44140625 0.23984375 0.20546875
13 0.26875 0.5515625 0.31015625 0.29921875
14 0.3140625 0.52109375 0.1203125 0.365625
14 0.840625 0.403125 0.09375 0.29921875
6 0.92890625 0.24453125 0.09375 0.10234375
6 0.825 0.25859375 0.08203125 0.07578125
6 0.753125 0.24453125 0.121875 0.11484375
6 0.64921875 0.25234375 0.08984375 0.10546875
6 0.565625 0.25546875 0.084375 0.09375
6 0.4796875 0.26171875 0.08828125 0.09375
13 0.3203125 0.2796875 0.05625 0.05703125
6 0.2671875 0.26875 0.121875 0.090625
6 0.159375 0.278125 0.11015625 0.06640625
6 0.0921875 0.278125 0.1 0.07265625
6 0.03671875 0.27890625 0.0734375 0.0765625