6 0.5140625 0.66953125 0.384375 0.2765625
6 0.69296875 0.47578125 0.15390625 0.21328125
6 0.1609375 0.52734375 0.31796875 0.1828125
6 0.35390625 0.25234375 0.1796875 0.13828125
6 0.54375 0.20703125 0.16796875 0.1140625
6 0.75078125 0.28515625 0.18984375 0.13828125
14 0.47578125 0.41328125 0.0359375 0.16484375
14 0.9 0.32109375 0.03984375 0.14453125
14 0.95625 0.3078125 0.03984375 0.1109375
14 0.884375 0.64453125 0.071875 0.1828125
14 0.9390625 0.6625 0.08203125 0.2015625
14 0.38984375 0.378125 0.028125 0.15625
14 0.36171875 0.37109375 0.03203125 0.12890625