2 0.26015625 0.84296875 0.15625 0.09375
2 0.26015625 0.9375 0.15234375 0.08671875
2 0.65234375 0.92890625 0.15234375 0.09375
2 0.65625 0.82890625 0.15234375 0.103125
2 0.52734375 0.71328125 0.05 0.0984375
2 0.7671875 0.3984375 0.11015625 0.0671875
2 0.7359375 0.30078125 0.07578125 0.0890625
2 0.846875 0.15859375 0.11015625 0.08125
2 0.78203125 0.1328125 0.06015625 0.1171875
2 0.52890625 0.2328125 0.10234375 0.071875
2 0.18125 0.1796875 0.121875 0.09609375
2 0.07734375 0.30703125 0.0703125 0.0578125