14 0.646875 0.15078125 0.15390625 0.3015625
14 0.80625 0.14921875 0.12421875 0.2984375
4 0.665625 0.25625 0.028125 0.1015625
4 0.32578125 0.2546875 0.028125 0.11484375
4 0.25390625 0.25859375 0.03203125 0.1171875
14 0.13828125 0.153125 0.1203125 0.30625
14 0.02890625 0.20546875 0.0578125 0.21328125
8 0.934375 0.46015625 0.128125 0.3015625
8 0.7671875 0.45859375 0.16171875 0.2984375
8 0.2046875 0.45625 0.15390625 0.27734375
8 0.06328125 0.45703125 0.12578125 0.275
14 0.42109375 0.5359375 0.46171875 0.7359375
14 0.71171875 0.63203125 0.4 0.73046875
14 0.940625 0.8375 0.1140625 0.3203125
14 0.52421875 0.834375 0.215625 0.325
14 0.26875 0.85625 0.17421875 0.2828125
14 0.0921875 0.846875 0.184375 0.3015625
14 0.0140625 0.68671875 0.028125 0.08828125
14 0.35 0.2203125 0.24375 0.17890625