17 0.50625 0.48046875 0.58828125 0.53203125
17 0.17890625 0.66796875 0.3578125 0.65859375
10 0.64375 0.51796875 0.171875 0.3234375
10 0.803125 0.9125 0.38984375 0.16953125
10 0.884375 0.71484375 0.228125 0.2328125
10 0.9453125 0.57421875 0.10625 0.07265625
10 0.0921875 0.64921875 0.184375 0.278125
8 0.584375 0.84296875 0.17578125 0.3078125
8 0.746875 0.73125 0.134375 0.39296875
8 0.9390625 0.48515625 0.11015625 0.171875
8 0.9828125 0.35078125 0.0296875 0.1453125
8 0.7359375 0.16640625 0.04765625 0.096875
8 0.65234375 0.1390625 0.04375 0.096875
8 0.86484375 0.15390625 0.05 0.06015625
8 0.7453125 0.140625 0.04609375 0.07578125