6 0.54296875 0.51953125 0.4859375 0.33671875
14 0.21015625 0.3828125 0.06015625 0.16484375
14 0.16875 0.3890625 0.06171875 0.159375
14 0.12421875 0.315625 0.0359375 0.084375
14 0.08203125 0.30625 0.03984375 0.078125
14 0.04765625 0.3078125 0.03984375 0.06875
14 0.053125 0.3921875 0.06171875 0.17109375
14 0.0859375 0.3921875 0.03984375 0.159375
14 0.125 0.3875 0.065625 0.1625
14 0.4578125 0.43359375 0.05234375 0.08125
14 0.0640625 0.2234375 0.028125 0.05703125
14 0.02734375 0.21640625 0.034375 0.05390625