13 0.4796875 0.52578125 0.8796875 0.90390625
14 0.3046875 0.1046875 0.03828125 0.10078125
14 0.49296875 0.1078125 0.04609375 0.11484375
14 0.45703125 0.084375 0.03828125 0.084375
14 0.421875 0.1046875 0.03203125 0.1203125
14 0.17578125 0.11484375 0.03984375 0.0921875
14 0.10234375 0.1203125 0.0359375 0.08828125
14 0.61328125 0.0984375 0.034375 0.1046875
14 0.659375 0.09765625 0.02578125 0.0984375
14 0.74609375 0.1046875 0.03984375 0.1125
14 0.7671875 0.09453125 0.0296875 0.10859375
14 0.8109375 0.10859375 0.0421875 0.11640625
14 0.9671875 0.128125 0.021875 0.11640625
14 0.0109375 0.10546875 0.021875 0.078125