14 0.13984375 0.4046875 0.09609375 0.228125
14 0.31328125 0.425 0.1140625 0.3234375
14 0.496875 0.3921875 0.1140625 0.35859375
14 0.66484375 0.3171875 0.15 0.18828125
14 0.1171875 0.5234375 0.11796875 0.18046875
14 0.22421875 0.51875 0.084375 0.125
14 0.39921875 0.54375 0.09375 0.265625
14 0.684375 0.47734375 0.12421875 0.203125
14 0.82109375 0.44453125 0.09765625 0.1578125
12 0.04609375 0.75703125 0.08828125 0.40625
12 0.12890625 0.7421875 0.2296875 0.39609375
12 0.253125 0.75703125 0.1296875 0.35078125
12 0.3921875 0.70703125 0.19609375 0.37109375
12 0.64375 0.66328125 0.3078125 0.40859375
12 0.790625 0.63671875 0.3140625 0.41640625