6 0.4921875 0.5265625 0.9 0.6796875
6 0.82109375 0.134375 0.12578125 0.06640625
6 0.67265625 0.13359375 0.1859375 0.075
6 0.77890625 0.34140625 0.43828125 0.34140625
6 0.5171875 0.14921875 0.178125 0.090625
6 0.25625 0.19765625 0.25625 0.1546875
6 0.06484375 0.24921875 0.1296875 0.215625
6 0.05703125 0.1359375 0.1140625 0.1015625
6 0.16328125 0.13359375 0.1140625 0.090625
6 0.30234375 0.1078125 0.12421875 0.05078125
6 0.57109375 0.109375 0.08984375 0.0640625
6 0.0390625 0.82265625 0.078125 0.34921875
14 0.95234375 0.153125 0.0921875 0.24296875
14 0.87734375 0.09296875 0.02578125 0.0640625
14 0.84609375 0.08125 0.03203125 0.05078125
14 0.77578125 0.08515625 0.04375 0.06953125
14 0.7359375 0.08671875 0.03984375 0.07734375
14 0.70234375 0.0703125 0.0078125 0.034375
14 0.684375 0.071875 0.03203125 0.05859375
14 0.57734375 0.06640625 0.021875 0.03203125
14 0.50234375 0.0625 0.0203125 0.034375
14 0.53828125 0.06171875 0.028125 0.03203125
14 0.40078125 0.10390625 0.08203125 0.13828125