15 0.790625 0.68125 0.09296875 0.26171875
15 0.5296875 0.66484375 0.03984375 0.065625
15 0.5546875 0.66875 0.0375 0.06171875
15 0.609375 0.68515625 0.06640625 0.0859375
8 0.72109375 0.89296875 0.14140625 0.18203125
8 0.87890625 0.8 0.125 0.0796875
8 0.625 0.90703125 0.184375 0.18203125
8 0.7921875 0.9203125 0.18671875 0.15625
10 0.7984375 0.9046875 0.3921875 0.1859375
14 0.3203125 0.80625 0.17578125 0.384375
14 0.4703125 0.65078125 0.10390625 0.09765625
14 0.475 0.79765625 0.13828125 0.315625
14 0.14921875 0.68984375 0.05859375 0.1640625
14 0.1984375 0.6953125 0.05078125 0.14609375