4 0.3296875 0.19609375 0.06015625 0.2640625
4 0.4078125 0.1703125 0.0796875 0.3359375
4 0.490625 0.16953125 0.078125 0.33359375
4 0.575 0.16953125 0.08203125 0.33828125
4 0.66171875 0.16796875 0.0796875 0.33046875
4 0.7453125 0.16796875 0.08203125 0.3359375
4 0.8296875 0.1703125 0.0796875 0.3359375
4 0.90703125 0.16640625 0.0671875 0.3328125
4 0.97109375 0.165625 0.05390625 0.33046875
4 0.07421875 0.73359375 0.1359375 0.51171875
4 0.1890625 0.7296875 0.134375 0.4984375
4 0.22265625 0.565625 0.078125 0.2828125
4 0.3046875 0.70546875 0.121875 0.509375
4 0.34609375 0.5078125 0.071875 0.16796875
4 0.421875 0.71875 0.115625 0.51484375
4 0.453125 0.46953125 0.0421875 0.09609375
4 0.49609375 0.54375 0.05234375 0.1921875
4 0.57421875 0.46953125 0.03984375 0.128125
4 0.5953125 0.5359375 0.0703125 0.18671875
4 0.71171875 0.54140625 0.06796875 0.19765625
4 0.7140625 0.49609375 0.084375 0.20234375
4 0.828125 0.51171875 0.071875 0.23984375
4 0.95390625 0.49296875 0.08828125 0.2078125
4 0.52890625 0.72109375 0.11796875 0.4984375
4 0.64296875 0.7203125 0.11015625 0.5015625
4 0.76171875 0.72265625 0.1203125 0.490625
4 0.8796875 0.7015625 0.1203125 0.53828125
4 0.965625 0.725 0.0640625 0.490625