14 0.90390625 0.39296875 0.115625 0.3015625
9 0.54921875 0.3796875 0.11796875 0.0984375
9 0.38515625 0.371875 0.15 0.109375
9 0.3453125 0.43046875 0.17421875 0.07734375
9 0.078125 0.47578125 0.1 0.07734375
9 0.5203125 0.725 0.48828125 0.415625
9 0.26328125 0.85234375 0.45390625 0.290625
9 0.8859375 0.76796875 0.22421875 0.45859375
9 0.14296875 0.65234375 0.278125 0.3546875
9 0.52265625 0.91328125 0.4703125 0.16796875
9 0.74609375 0.515625 0.31171875 0.2109375
9 0.590625 0.5078125 0.1296875 0.09296875