8 0.7890625 0.828125 0.25 0.33828125
8 0.3953125 0.6890625 0.165625 0.29609375
8 0.3046875 0.64375 0.1421875 0.253125
8 0.21484375 0.59609375 0.11796875 0.23203125
8 0.16328125 0.55703125 0.10234375 0.18671875
8 0.07890625 0.53046875 0.1140625 0.17578125
8 0.03671875 0.50859375 0.0734375 0.1546875
19 0.08515625 0.38125 0.02578125 0.06953125
19 0.10703125 0.38828125 0.02578125 0.07734375
19 0.14609375 0.390625 0.05234375 0.07734375
19 0.190625 0.3984375 0.0421875 0.08828125
19 0.22734375 0.40703125 0.0578125 0.0984375
19 0.290625 0.4203125 0.0859375 0.109375
19 0.38984375 0.43359375 0.08828125 0.125
19 0.4859375 0.45859375 0.115625 0.13828125
19 0.6640625 0.5 0.14375 0.184375
19 0.8828125 0.54140625 0.20234375 0.21875