6 0.5703125 0.5203125 0.471875 0.234375
14 0.12421875 0.42421875 0.06796875 0.2296875
14 0.7921875 0.4375 0.04765625 0.17578125
14 0.85390625 0.43359375 0.04375 0.17890625
14 0.89375 0.43046875 0.06015625 0.2
14 0.9796875 0.4359375 0.0359375 0.17890625
14 0.96484375 0.428125 0.0296875 0.19453125
6 0.23125 0.40546875 0.1578125 0.090625
14 0.2296875 0.38828125 0.04375 0.13046875
14 0.30703125 0.390625 0.04609375 0.14140625
14 0.33125 0.390625 0.0296875 0.125
6 0.046875 0.3703125 0.08984375 0.1015625
6 0.6953125 0.3796875 0.10234375 0.05625