6 0.5171875 0.37890625 0.96171875 0.5703125
13 0.5046875 0.45078125 0.97421875 0.71484375
14 0.93671875 0.1640625 0.09375 0.24296875
14 0.225 0.1265625 0.10234375 0.1734375
14 0.09765625 0.1546875 0.071875 0.17578125
14 0.0453125 0.14296875 0.0578125 0.2109375
14 0.72890625 0.1796875 0.0859375 0.20546875
14 0.45703125 0.0828125 0.05 0.053125
14 0.39765625 0.09296875 0.03984375 0.0375
14 0.32890625 0.09765625 0.0578125 0.071875
14 0.615625 0.1 0.05234375 0.05078125
14 0.684375 0.10390625 0.028125 0.05859375
14 0.7140625 0.1078125 0.03984375 0.06640625
14 0.85078125 0.15625 0.05390625 0.1203125
14 0.98671875 0.1640625 0.021875 0.1625