13 0.890625 0.70859375 0.12578125 0.23828125
13 0.58828125 0.875 0.2 0.23203125
13 0.41171875 0.778125 0.1 0.27109375
13 0.15703125 0.76328125 0.10625 0.20546875
6 0.371875 0.57890625 0.24765625 0.253125
6 0.02890625 0.5640625 0.0296875 0.14609375
14 0.88984375 0.57890625 0.13984375 0.33046875
14 0.59296875 0.69609375 0.18203125 0.54765625
14 0.4109375 0.6171875 0.1578125 0.4015625
14 0.15078125 0.6328125 0.1296875 0.371875
14 0.16796875 0.60703125 0.13984375 0.36875
14 0.075 0.5265625 0.03828125 0.13125
14 0.04609375 0.52109375 0.03984375 0.13125