16 0.67265625 0.5359375 0.221875 0.37734375
16 0.5296875 0.5515625 0.271875 0.42578125
16 0.4328125 0.5796875 0.29765625 0.4109375
16 0.3890625 0.70234375 0.40625 0.57109375
16 0.27265625 0.7203125 0.38203125 0.553125
14 0.16328125 0.496875 0.32578125 0.99375
14 0.6546875 0.24765625 0.178125 0.3984375
14 0.84375 0.353125 0.128125 0.5859375
14 0.975 0.47421875 0.04609375 0.92421875
14 0.36015625 0.25078125 0.13203125 0.465625
14 0.2359375 0.26015625 0.1203125 0.42890625
16 0.8703125 0.859375 0.25625 0.275