14 0.0453125 0.47890625 0.08984375 0.3921875
14 0.1359375 0.5296875 0.11171875 0.26953125
14 0.29296875 0.4171875 0.08984375 0.07734375
14 0.38984375 0.4015625 0.04765625 0.07734375
14 0.47109375 0.2921875 0.05 0.071875
14 0.56484375 0.26640625 0.03828125 0.0375
14 0.63203125 0.24765625 0.03203125 0.04765625
14 0.7359375 0.39296875 0.05625 0.09296875
14 0.86015625 0.36796875 0.0359375 0.053125
14 0.9421875 0.371875 0.03984375 0.05625
14 0.86484375 0.28125 0.05390625 0.15234375
6 0.57890625 0.54140625 0.83828125 0.57578125
14 0.5796875 0.2265625 0.07578125 0.1171875
14 0.51015625 0.2375 0.05625 0.12265625
14 0.440625 0.28125 0.07421875 0.2265625