9 0.50625 0.62734375 0.1203125 0.28828125
9 0.57734375 0.61875 0.078125 0.21640625
9 0.62109375 0.59921875 0.0859375 0.21953125
9 0.66171875 0.59765625 0.0640625 0.221875
9 0.40078125 0.6140625 0.08984375 0.24921875
9 0.2296875 0.52109375 0.05234375 0.09921875
9 0.29609375 0.52578125 0.07578125 0.078125
9 0.16875 0.58828125 0.0703125 0.21015625
9 0.2640625 0.63828125 0.084375 0.23125
9 0.328125 0.6890625 0.0921875 0.25546875
6 0.10234375 0.47734375 0.084375 0.12578125
6 0.0328125 0.459375 0.065625 0.1078125
14 0.2296875 0.45078125 0.03203125 0.0296875