14 0.47578125 0.63203125 0.24375 0.3515625
14 0.67578125 0.47890625 0.34765625 0.59765625
14 0.0703125 0.1515625 0.11171875 0.303125
14 0.153125 0.14140625 0.078125 0.28203125
14 0.240625 0.14296875 0.121875 0.28515625
14 0.3640625 0.153125 0.08828125 0.30625
14 0.4421875 0.14453125 0.0921875 0.28828125
14 0.49609375 0.159375 0.115625 0.31796875
14 0.7578125 0.159375 0.08828125 0.31796875
14 0.846875 0.1625 0.10234375 0.32421875
14 0.9359375 0.159375 0.09609375 0.31796875
14 0.60625 0.10546875 0.11171875 0.21015625