3 0.49921875 0.21875 0.99765625 0.21875
3 0.49921875 0.3453125 0.99765625 0.41328125
14 0.09296875 0.65625 0.178125 0.28828125
14 0.37734375 0.5984375 0.1140625 0.41328125
14 0.48984375 0.5296875 0.1640625 0.25859375
14 0.76328125 0.484375 0.11796875 0.38671875
14 0.890625 0.41328125 0.1421875 0.25078125
14 0.86015625 0.0921875 0.1203125 0.15234375
14 0.69375 0.109375 0.15625 0.1546875
14 0.5203125 0.14140625 0.1203125 0.1546875
14 0.14609375 0.19453125 0.115625 0.13828125
14 0.384375 0.15625 0.10390625 0.1359375
11 0.32421875 0.85078125 0.14375 0.22421875