2 0.75234375 0.91875 0.1203125 0.14140625
2 0.8796875 0.91875 0.06015625 0.09296875
2 0.984375 0.9453125 0.028125 0.09296875
2 0.5046875 0.94296875 0.06171875 0.09296875
2 0.6140625 0.94921875 0.12421875 0.0796875
14 0.40234375 0.5921875 0.25625 0.54921875
14 0.35234375 0.24921875 0.16015625 0.46640625
14 0.11328125 0.16015625 0.0703125 0.27734375
14 0.1640625 0.15703125 0.084375 0.30390625
14 0.04921875 0.1375 0.09375 0.25859375
2 0.08828125 0.96953125 0.08828125 0.05625
14 0.98828125 0.0375 0.0203125 0.0640625
14 0.9640625 0.03359375 0.015625 0.06640625
14 0.9484375 0.03828125 0.021875 0.0765625
14 0.92578125 0.03984375 0.0359375 0.0796875