13 0.7453125 0.3984375 0.11015625 0.2796875
13 0.81796875 0.3921875 0.0796875 0.1921875
13 0.63828125 0.50234375 0.16796875 0.46171875
13 0.89296875 0.49296875 0.15 0.29296875
13 0.26328125 0.63828125 0.19375 0.48828125
13 0.42890625 0.7828125 0.21796875 0.42421875
13 0.10390625 0.325 0.09609375 0.16015625
14 0.5578125 0.25078125 0.1078125 0.1546875
14 0.47734375 0.24921875 0.0859375 0.1625
14 0.346875 0.271875 0.09765625 0.13359375
14 0.31796875 0.25078125 0.0640625 0.10703125
14 0.91015625 0.4078125 0.1 0.4796875
14 0.959375 0.50703125 0.078125 0.67734375
14 0.15625 0.5359375 0.184375 0.58671875
14 0.43828125 0.5921875 0.35234375 0.7734375