6 0.59296875 0.71875 0.52578125 0.25859375
6 0.415625 0.59296875 0.44765625 0.1890625
6 0.74921875 0.51484375 0.265625 0.1546875
6 0.50234375 0.43359375 0.184375 0.10390625
6 0.3671875 0.434375 0.1703125 0.11171875
6 0.2453125 0.43828125 0.178125 0.10390625
6 0.08515625 0.4359375 0.134375 0.07734375
6 0.72890625 0.41328125 0.18203125 0.075
6 0.89921875 0.4203125 0.1703125 0.1359375
14 0.259375 0.3625 0.034375 0.053125
14 0.28828125 0.36953125 0.03203125 0.0453125
14 0.23515625 0.38125 0.02578125 0.06953125
14 0.77109375 0.4015625 0.03828125 0.109375
14 0.8421875 0.41328125 0.04765625 0.13359375
14 0.88828125 0.42109375 0.04375 0.1703125
14 0.946875 0.43203125 0.0578125 0.13359375