8 0.56875 0.90703125 0.30234375 0.18125
8 0.8953125 0.81875 0.20625 0.35703125
8 0.13984375 0.81484375 0.25234375 0.365625
8 0.703125 0.7203125 0.1421875 0.33046875
4 0.53515625 0.54296875 0.021875 0.109375
4 0.48203125 0.5796875 0.028125 0.11484375
14 0.22109375 0.709375 0.3140625 0.5703125
14 0.79921875 0.66640625 0.37421875 0.56015625
14 0.66484375 0.64765625 0.19765625 0.58671875
14 0.5140625 0.6171875 0.16015625 0.47734375
14 0.3171875 0.6171875 0.17421875 0.57890625
19 0.1109375 0.30703125 0.065625 0.075