8 0.10390625 0.83359375 0.2078125 0.328125
8 0.9078125 0.6796875 0.1796875 0.346875
8 0.76015625 0.525 0.0921875 0.075
8 0.978125 0.5359375 0.03984375 0.128125
8 0.85703125 0.57578125 0.08203125 0.20234375
8 0.04609375 0.63359375 0.0921875 0.19453125
14 0.59375 0.5015625 0.8078125 0.9921875
14 0.72421875 0.44921875 0.05625 0.07734375
14 0.78515625 0.453125 0.0421875 0.05859375
14 0.67421875 0.446875 0.03984375 0.06640625
15 0.0640625 0.4640625 0.071875 0.1171875
15 0.153125 0.45703125 0.078125 0.16796875
10 0.75703125 0.64375 0.1703125 0.2