8 0.68671875 0.5546875 0.16796875 0.1296875
10 0.2265625 0.59765625 0.31484375 0.06015625
17 0.4015625 0.575 0.23203125 0.11796875
8 0.29296875 0.5546875 0.090625 0.05
8 0.2890625 0.66171875 0.16796875 0.23203125
8 0.09609375 0.69296875 0.1921875 0.23828125
14 0.1296875 0.50234375 0.05625 0.04375
14 0.16640625 0.634375 0.2796875 0.26015625
8 0.56171875 0.60078125 0.22109375 0.134375
4 0.15703125 0.5578125 0.0375 0.06796875
4 0.1828125 0.5546875 0.0296875 0.06171875
4 0.20390625 0.56015625 0.02421875 0.06796875
4 0.2171875 0.553125 0.02421875 0.07421875