10 0.728125 0.52109375 0.284375 0.1625
10 0.66328125 0.425 0.121875 0.05390625
10 0.38828125 0.47109375 0.19609375 0.10546875
10 0.29375 0.40546875 0.10390625 0.06328125
10 0.125 0.4671875 0.19765625 0.13828125
10 0.42890625 0.77578125 0.534375 0.43671875
8 0.9390625 0.51484375 0.07421875 0.13828125
8 0.82109375 0.634375 0.121875 0.23203125
8 0.715625 0.740625 0.1078125 0.31953125
8 0.61484375 0.55 0.11796875 0.15390625
8 0.79296875 0.43671875 0.0421875 0.06015625
8 0.5609375 0.43828125 0.05390625 0.1171875
8 0.5 0.43203125 0.0203125 0.0390625
8 0.47109375 0.4984375 0.08203125 0.09375
8 0.38203125 0.40078125 0.04375 0.0359375
8 0.2578125 0.48984375 0.0640625 0.10546875
8 0.1328125 0.48984375 0.09765625 0.11171875
8 0.03671875 0.56171875 0.0734375 0.1296875
8 0.10625 0.784375 0.2 0.3703125
8 0.459375 0.925 0.321875 0.14453125