18 0.296875 0.5921875 0.58984375 0.1546875
6 0.76796875 0.87578125 0.0921875 0.07734375
6 0.4 0.94296875 0.15625 0.09296875
6 0.98671875 0.9109375 0.021875 0.06171875
14 0.20078125 0.95703125 0.02578125 0.05859375
14 0.178125 0.89453125 0.03203125 0.08828125
14 0.92890625 0.9625 0.0296875 0.06953125
14 0.8640625 0.965625 0.028125 0.0640625
14 0.4296875 0.965625 0.0203125 0.0640625
14 0.41015625 0.96953125 0.0203125 0.05625
14 0.38203125 0.97578125 0.028125 0.04296875
14 0.3546875 0.97890625 0.0296875 0.0375
14 0.32734375 0.9703125 0.01796875 0.053125
14 0.22421875 0.9796875 0.02421875 0.034375
14 0.2453125 0.9828125 0.02578125 0.0296875
14 0.278125 0.975 0.0203125 0.0453125
14 0.27890625 0.95703125 0.021875 0.0375
14 0.27421875 0.928125 0.02421875 0.075
14 0.95 0.82109375 0.015625 0.075
14 0.93828125 0.815625 0.0203125 0.04765625