16 0.984375 0.5453125 0.028125 0.0296875
16 0.9421875 0.54296875 0.028125 0.0296875
16 0.82734375 0.57890625 0.10234375 0.08515625
16 0.72578125 0.56953125 0.0921875 0.06640625
16 0.67109375 0.5375 0.034375 0.02421875
16 0.65 0.565625 0.03984375 0.0375
16 0.590625 0.56640625 0.078125 0.06171875
16 0.59375 0.525 0.02421875 0.02109375
16 0.559375 0.55234375 0.0296875 0.02109375
16 0.53828125 0.5375 0.028125 0.0296875
16 0.50625 0.571875 0.07578125 0.06171875
16 0.46875 0.546875 0.04609375 0.0375
16 0.3640625 0.525 0.0359375 0.0265625
16 0.3109375 0.55078125 0.06171875 0.05625
16 0.221875 0.56796875 0.0796875 0.0796875
16 0.11171875 0.5375 0.05234375 0.0296875
16 0.07265625 0.53203125 0.034375 0.0296875
16 0.01328125 0.546875 0.02578125 0.05859375
16 0.02109375 0.50703125 0.0296875 0.02109375